35   18   24   29    35   18   10   30    18   24   15   10    24   29   19   15    29   35   30   19    10   30   19   15    
35   18   24   29    35   18   27   25    18   24   21   27    24   29   20   21    29   35   25   20    27   25   20   21    
18   35   30   10    18   35   25   27    35   30   26   25    30   10   6    26    10   18   27   6     25   27   6    26    
19   15   10   30    19   15   16   12    15   10   9    16    10   30   8    9     30   19   12   8     16   12   8    9     
15   19   29   24    15   19   12   16    19   29   20   12    29   24   21   20    24   15   16   21    12   16   21   20    
27   25   20   21    27   25   26   6     25   20   5    26    20   21   4    5     21   27   6    4     26   6    4    5     
26   6    10   30    26   6    4    5     6    10   9    4     10   30   8    9     30   26   5    8     4    5    8    9     
16   12   20   21    16   12   8    9     12   20   14   8     20   21   13   14    21   16   9    13    8    9    13   14    
21   20   5    4     21   20   14   13    20   5    0    14    5    4    1    0     4    21   13   1     14   13   1    0     
4    21   27   6     4    21   13   1     21   27   23   13    27   6    2    23    6    4    1    2     13   1    2    23    
1    13   14   0     1    13   23   2     13   14   22   23    14   0    3    22    0    1    2    3     23   2    3    22    
14   0    5    20    14   0    3    22    0    5    7    3     5    20   28   7     20   14   22   28    3    22   28   7     
3    22   23   2     3    22   28   7     22   23   27   28    23   2    6    27    2    3    7    6     28   7    6    27    
5    20   28   7     5    20   25   26    20   28   17   25    28   7    11   17    7    5    26   11    25   26   11   17    
6    27   28   7     6    27   18   10    27   28   17   18    28   7    11   17    7    6    10   11    18   10   11   17    
5    26   30   8     5    26   11   7     26   30   19   11    30   8    12   19    8    5    7    12    11   7    12   19    
21   27   23   13    21   27   18   24    27   23   34   18    23   13   32   34    13   21   24   32    18   24   32   34    
20   28   22   14    20   28   17   25    28   22   33   17    22   14   31   33    14   20   25   31    17   25   31   33    
