29   13   21   35    29   13   9    19    13   21   16   9     21   35   30   16    35   29   19   30    9    19   30   16    
29   13   21   35    29   13   32   20    13   21   24   32    21   35   25   24    35   29   20   25    32   20   25   24    
13   29   19   9     13   29   20   32    29   19   12   20    19   9    4    12    9    13   32   4     20   32   4    12    
30   16   9    19    30   16   15   26    16   9    10   15    9    19   11   10    19   30   26   11    15   26   11   10    
16   30   35   21    16   30   26   15    30   35   25   26    35   21   24   25    21   16   15   24    26   15   24   25    
32   20   25   24    32   20   12   4     20   25   7    12    25   24   6    7     24   32   4    6     12   4    6    7     
12   4    9    19    12   4    6    7     4    9    10   6     9    19   11   10    19   12   7    11    6    7    11   10    
15   26   25   24    15   26   11   10    26   25   17   11    25   24   18   17    24   15   10   18    11   10   18   17    
24   25   7    6     24   25   17   18    25   7    3    17    7    6    2    3     6    24   18   2     17   18   2    3     
6    24   32   4     6    24   18   2     24   32   34   18    32   4    1    34    4    6    2    1     18   2    1    34    
2    18   17   3     2    18   34   1     18   17   33   34    17   3    0    33    3    2    1    0     34   1    0    33    
17   3    7    25    17   3    0    33    3    7    5    0     7    25   31   5     25   17   33   31    0    33   31   5     
0    33   34   1     0    33   31   5     33   34   32   31    34   1    4    32    1    0    5    4     31   5    4    32    
7    25   31   5     7    25   20   12    25   31   14   20    31   5    8    14    5    7    12   8     20   12   8    14    
4    32   31   5     4    32   13   9     32   31   14   13    31   5    8    14    5    4    9    8     13   9    8    14    
31   32   13   14    31   32   34   33    32   13   23   34    13   14   22   23    14   31   33   22    34   33   22   23    
34   33   17   18    34   33   22   23    33   17   28   22    17   18   27   28    18   34   23   27    22   23   27   28    
